4 5
0 0 0 0 D
0 A 0 0 0
0 0 0 0 C
R 0 B 0 0

5 7
0 0 0 0 0 0 D
0 0 0 A 0 0 0
0 0 0 C 0 0 0
R 0 0 0 0 B 0
E 0 0 0 0 0 0

6 7
0 0 0 0 0 D
0 0 A 0 0 0
0 0 C 0 0 0
0 R 0 0 B 0
0 0 0 0 E 0
0 0 F 0 0 0

8 6
0 0 0 0 0 D
0 0 A 0 0 0
0 0 C 0 0 0
0 R 0 0 B 0
0 0 0 0 E 0
0 0 F 0 0 0
0 0 0 0 G 0
0 H 0 0 0 0

9 9
0 0 0 0 0 D 0 0 0
A 0 0 0 0 0 0 0 0
0 0 C 0 0 0 0 0 0
0 0 0 0 0 R 0 0 B
0 0 0 0 0 E 0 0 0
0 0 F 0 0 0 0 0 0
0 0 0 0 G 0 0 0 0
0 H 0 0 0 0 0 0 0
0 0 0 0 I 0 0 0 0



10 10
0 0 0 0 0 D 0 0 0 0
A 0 0 0 0 0 0 0 0 0
0 0 C 0 0 0 0 0 0 0
0 0 0 0 0 R 0 0 B 0
0 0 0 0 0 E 0 0 0 0
0 0 F 0 0 0 0 0 0 0
0 0 0 0 G 0 0 0 0 0
0 H 0 0 0 0 0 0 0 0
0 0 0 0 I 0 0 0 0 0
0 J 0 0 0 0 0 0 0 0